162.92422225835
917.56874039656
253.936611699842
765.615420772515
911.151151597105
702.267172607718
512.016956467189
604.566377403478
737.286416225734
178.042940412668
499.112112680037
681.702526138026
759.052169397032
590.76782250347
10.8372364243666
220.636303639336
547.22872308792
651.837215131073
672.122256677655
438.070667645927
221.934440183423
788.003825483846
820.671938276231
460.466723637873
747.651265816601
152.986244835419
664.854393650244
129.609053083513
120.640336126387
182.641925375276
284.231869636212
748.508372226967
847.478562429304
554.839580112528
391.026847712242
442.1369770738
172.172870101488
589.990542079318
838.136758579936
602.499868070008
708.460141768893
969.209313843962
606.007279644724
773.720041277688
9.09731770357924
702.968489706036
715.399365739617
237.356608844063
798.438087011891
700.034264335425
883.478577194493
474.237147473841
11.4431688615322
966.00903848466
887.705504841965
374.920396774505
96.8968021203283
793.46988806197
17.9641549559143
758.164906761686
37.4127789574735
382.407903383676
483.926041277091
554.644490850458
893.811070776457
750.60374045307
834.223963708721
204.212589284504
199.740974791227
568.700259350566
48.463433537848
957.238181008603
813.700456551137
69.6223886076465
729.610525877034
252.72512633946
181.996545839122
46.9518969985432
451.369405934293
44.6827761105647
437.586879095802
427.497784806182
331.170966071622
420.606071790962
299.163348180784
809.994722162371
737.065203365435
881.469523944645
667.134075270562
16.1064509377379
345.240174953472
378.702982039518
572.026387123403
79.9718518182504
565.087089112535
326.052238385217
485.283272566871
51.3627887942655
879.908970501231
258.493577250509

Success #stdin #stdout 0.03s 16308KB
322.512661722727
498.514913254657
869.42954495057
597.149313239916
322.5715245691
23.1201853710786
871.765125483165
995.976100673888
634.513696485438
344.810930706938
771.279429910369
899.903737893283
689.069423214099
719.206702764708
0.482025556490768
171.235569366829
996.934771536353
664.882277448141
453.961226369236
19.7212202566309
296.720104895867
759.262855518266
365.627862217663
357.843098397294
120.015453137465
931.568418597602
775.402891810705
344.96520615414
830.336066349566
619.260556818573
801.741243247754
409.556905464063
81.3250523439259
237.720815575552
508.335157534264
284.317392056956
253.834677512681
676.077000180295
260.497154789277
736.371774569327
538.382612885154
585.052482590569
13.7878260639439
235.377727651679
217.37049949233
148.785968846076
782.731991625732
883.185471819334
131.169321076558
297.577141922702
187.064563942638
839.389719925537
648.074842825567
270.997285969088
186.25552309037
563.249806204461
132.887051036994
511.586446553276
477.133860102451
391.003105971498
247.717293560373
526.799919329025
165.640034324322
15.2531396668652
543.069687459185
361.722524446306
818.578685549357
451.348607638547
210.871545230444
716.164633499535
917.400891854149
320.857771356058
404.385122658864
717.589451799909
481.338607371477
711.667622305298
745.475029454322
130.250134565984
140.472598904964
971.229484291388
148.83642697187
892.217419991371
213.795885077583
532.758924426864
432.195992875936
962.351523322217
761.482062638496
810.327766374838
51.4652924851818
945.085351329802
151.430341019961
742.248230959404
198.943140077844
869.494048817779
488.654481008954
11.5826935561293
419.412448266248
998.534686397079
692.308040192494
855.647975046024
330.207283296719
331.383383987184
672.31392658889
415.004687577023
380.176250068553
866.206792586579
435.004597266672
930.485391025658
789.658678597612
474.587900785072
817.774776750139
2.6369164710105
371.113847648312
505.904375811063
242.166678999628
355.499873569002
313.004034251442
632.881109897458
583.05714679093
580.718164136968
600.24046180781
8.2509191745198
399.883315153366
265.786193900642
564.734292479574
175.152660894744
121.914631278214
534.891073841085
228.934970790956
469.755913815347
292.255174039051
746.940343057243
437.94209437349
284.82462385894
641.02220099467
817.453042984685
219.903493402481
798.79119750056
152.582674358311
565.989200289356
527.346926055544
830.996671612839
20.6690877772258
576.87739170011
127.310574579663
148.793424548951
371.134383311092
693.038764266781
627.327369818151
133.154607439951
698.578659304687
786.53133836879
415.477539606149
111.589876055526
255.407513238214
321.956364122199
931.500068833819
406.527732688248
850.270395097449
205.023589173808
744.292161308365
900.113523425587
701.550420234702
319.902764782264
182.332726746021
70.834433692896
564.694822097521
86.2892237893721
864.882174816393
424.713636014943
135.596380166521
514.212836750882
480.298435539146
17.0679465015735
53.3712380814232
769.243790194971
987.581831397294
823.005923453255
138.475619320979
415.940867930623
804.018277583652
428.875867011433
907.563704022935
95.7803633510044
771.17725451066
505.723835670261
331.462803451094
326.352218317963
29.4171106207264
319.06583687247
885.952974150867
813.375760714233
948.520802403111
947.559085184503
821.697038980991
627.233402629957
129.446251378137
700.766322994962
394.544664954089
56.4761408867669
584.09860245143
284.84515952172
828.156589450388
202.613733803208
997.55822727343
184.365822553805
306.232902829644
398.409593104576
58.2186379741033
486.163723043242
334.374532724905
108.494145380563
268.052113367269
434.329527166825
401.005311590156
315.416294296932
992.549819402653
605.770056883697
548.725510271604
676.608891075761
739.371630241802
238.342603779557
56.8721131686457
545.816337943923
538.760661864076
322.220619452289
565.692034347771
532.739350354643
195.370907520582
426.137835451466
639.797538816835
286.815508402332
428.461258499167
81.9994784342123
831.842265479193
519.173118061932
600.719277561046
704.949970219727
98.2221360775745
586.811431956855
199.490932840617
933.053210346519
268.13358034386
543.253387577484
984.691304147565
777.458828770304
545.323647346964
514.191275236286
546.553773594347
506.280744684059
634.683583227305
523.676194494439
152.040812723358
717.935773878328
317.104510644965
345.755998671873
227.973046353074
282.340251506465
663.853071939132
675.337607821141
618.673788206034
773.493552475
203.038685583993
632.080802522637
846.366184226408
47.5590243225726
680.032886881397
186.052634933057
602.487261687632
881.832193528224
714.697016735886
287.599849182926
507.547920806123
961.914078314749
477.117958235144
806.318419895283
970.209023435698
513.618725591162
561.125033796357
761.301833093773
776.896972105325
51.5007591114849
986.185576760296
689.090162836523
791.454252224161
116.121344322395
134.774695678975
710.525484620838
764.894967789247
486.086266807321
291.200071708858
318.379026054581
41.0968982805949
422.884528256433
968.137643750821
425.997380365616
730.014524762526
636.052777821223
696.887203351076
937.132279824993
97.425941888907
359.271012413907
911.704013548654
664.721580066123
791.583727948174
347.083734044379
16.1282736883165
190.126734408609
240.817815643185
510.786090749682
375.546975236175
714.354320761913
721.215217710107
902.551238845359
898.440635715816
567.173029094549
787.307975714704
513.94852274747
840.626550298476
730.244839904013
912.784328643598
969.507402260558
421.157667143809
116.400994880312
590.632121819366
396.317990681305
246.502950902331
84.6633925496896
993.776434563928
51.1205778695273
76.3038951327577
334.156245614475
816.731522240085
623.992753971365
663.875891204866
417.625959691417
139.796745562831
321.463996694174
897.506434888349
444.370518179783
99.9930706340787
944.647961270366
469.707668977653
254.108877039565
110.539291571146
576.845750946945
597.163808344474
138.545659435236
524.443892540617
400.964614656272
638.689404650912
216.066002015055
795.426227522747
966.642363447064
24.347951181395
127.918539628349
938.113345270098
795.303018668342
74.089458246757
395.265737266869
100.580783142047
931.464881138627
196.350299844681
189.697237773657
434.482195616924
41.3907296217004
897.622798521827
97.2224637387425
238.675347640494
480.814676024399
427.376283531718
465.84397902053
616.442087859121
396.256032118693
630.251769269934
968.136367373232
499.799733282905
167.048790104244
5.86170330916611
13.7863708724204
799.154182336831
107.957291467095
560.219500009073
592.811819907656
412.431173218615
860.237893117702
538.730018091728
850.089158793022
599.64480278997
535.957351576517
479.512614421319
344.493726894489
247.374538447417
502.24069762148
343.789735037736
168.528189495452
748.297661425684
280.010431203996
819.626681422641
69.1485619494452
679.222952425118
499.941344605732
899.870311794742
43.6292165162178
973.588331124554
172.845425630382
599.623914155934
399.170195404054
336.39059417713
56.211583808163
628.118806345444
771.064555165854
789.441315359176
60.3030873743366
596.111554930039
992.623491674952
371.245381129554
603.538479937026
777.266064555042
574.244302499222
502.660711529972
47.5336397288058
497.577660948773
702.717996063977
1.30206160307958
82.8825566372287
218.469440573114
114.201390237641
52.4662970809575
461.723579774482
219.838705947548
219.789302078909
347.422108681603
936.713141359721
334.563418447302
299.212837731099
208.086979672353
516.590283492855
619.223488783102
239.585747588233
260.613978961769
139.559822687674
513.698564615892
543.433218981807
907.838545231073
708.448059255466
555.052411535314
187.07145107308
906.129142691441
351.166243362784
797.282808365898
144.759181488659
502.744366648954
245.382378923419
566.487850419473
631.689312696312
2.36368365695872
197.152315730766
42.3271549131382
890.705774487325
954.375985057268
485.422523918293
346.703898323096
874.667014402648
836.372877860615
408.329504266535
423.64244648425
852.728173999455
725.739668927034
296.898717198939
784.536512002599
854.655097636699
984.314991153923
537.68031696681
313.630323537453
363.100888842298
533.835075112914
954.144441966966
794.879450832903
292.854002347614
527.830145101915
31.3979895000337
208.0722475462
701.300053718174
664.440771408584
75.0795244588887
717.044935429955
102.039729758184
370.225290940248
702.87410575099
296.84915407414
10.9346639415876
474.263128579717
728.517714295777
285.209762530965
775.191455043476
792.855924364578
639.031550213244
707.060341121191
499.509040964539
284.805612771216
702.324237535859
461.331782146046
609.230425492502
566.629731360185
942.627710729198
160.444190334736
965.064049682144
931.752055385966
203.386961577175
97.854237583398
48.2192416899927
402.272864897862
749.473152565525
362.87562938541
922.977995557235
277.350276372093
645.403844604922
210.226242994064
761.293353401727
691.284568836579
321.602716726066
482.502883059207
22.8655631760441
0.0495631247989662
773.601848061011
380.391969056983
255.797276858146
252.470554435845
538.438868493977
570.24496447772
894.803524899671
247.084100845775
295.370409868364
8.04838957639802
825.505907566057
570.066207353988
598.841822053698
134.670322357989
721.813060679386
914.635334124153
751.980885747811
170.287674372218
166.838329363073
605.019868167592
248.629912384148
608.661799043725
724.789976014192
365.642084910368
362.23176697373
497.841178671383
147.452079759656
428.80530721918
945.766987719465
808.224472127959
963.20289604515
219.821354476652
438.466218970002
609.180862367703
793.027883299174
562.235741672216
904.64691347659
712.593495246299
393.313186891988
633.141997099455
203.050712683727
801.135140844218
106.902455029498
741.424762989127
537.369721819353
352.911788203247
678.508454318395
510.733522246933
488.413182314678
846.658019277574
939.303683088768
151.315042353848
315.664553696133
417.845695008452
751.419650740651
164.940049017286
655.60199304279
890.155191947778
890.238787462115
40.5976898225945
422.792884718065
465.998217680491
301.31711312631
487.145937740405
44.8454935312483
605.684553089405
131.599988383986
989.660959685995
341.642439058815
159.57731900717
9.98842064756361
39.3873905015119
776.97448748023
533.696332263619
401.969155483865
447.49477153993
501.759344014227
983.365213025066
828.272363091015
9.31997877048328
819.332724352988
636.718557512722
940.392124904502
99.108968441891
868.920789039191
811.887853691302
904.156800780518
20.6205239615499
857.761211627052
628.087834281888
906.633748629426
14.4917215288113
822.354707784185
352.715497069394
210.34911238139
737.052495003237
499.818027717908
619.756517289093
696.579269457878
931.685168729948
221.311799819261
688.8474946324
169.091083188118
328.835863307508
836.66959863001
899.916292587256
374.340554873618
781.968221432514
15.8765395245871
303.924879200722
663.180705003059
672.236780017725
61.8828288567638
880.918808691631
221.264965469607
786.074327205342
525.606092775988
202.208144684419
618.225148701214
232.957639839946
701.527752308886
110.979464422436
131.899748058943
713.554604776928
252.943570377745
995.496699118752
217.032682717327
424.258990410836
323.347219882229
664.916660480628
947.676743822022
882.002826725134
286.785943567188
896.587194361066
788.008178951223
130.485229720587
467.627474324604
611.556261596995
262.439369811881
969.004496451935
437.547298817685
122.188579348004
4.74398443696275
553.83633242633
964.907129278829
234.396968611701
952.608892672047
941.435899092553
131.450531599787
424.274785176047
211.446402227248
297.609883033489
1.53136858787917
463.621629617932
230.157416421062
110.332335396825
556.947746573457
455.53647841119
75.8922929297631
841.172899511258
682.883609869929
950.081564462782
458.621001550286
350.959879043959
356.2481353787
781.177878277925
385.450836450537
165.295634495698
92.9106297404089
90.7797357490192
318.446852880738
914.049831178994
939.768774872538
649.220652249279
795.410341022262
579.339172960883
106.235479985473
578.063415632613
748.647475498099
18.5466017660436
42.8878064467049
275.596783624774
292.808458811049
899.072434706182
453.47025825338
650.066860788533
880.471458137255
823.164313949255
666.429777940004
677.675843554398
573.53748314713
12.0909959134138
535.663968667232
421.266470300623
286.120886582006
487.465734354903
663.567577797718
653.784105393004
197.58819704763
183.729251000904
848.946132161164
787.31325817635
848.525269352144
40.6707958507681
105.827932295309
297.396571048254
357.841108160951
352.3107163386
668.21128859567
650.818243460179
4.09685541135113
978.884330940845
706.889002913092
57.3456911637195
798.285093064553
407.286826245155
657.273105651733
559.548566844104
897.489620790579
706.181274590167
900.70642014067
562.286522501282
498.865856555694
415.234786186011
517.242252601889
306.355856967324
378.385862511762
518.502304571915
363.099765667273
307.944606667359
915.771595163164
452.45137459247
380.475218584982
564.918224497195
169.60046960488
255.574548270355
427.07151427263
252.13766296028
793.244502410872
156.073687205125
292.225752627582
528.160741798655
154.953025353585
15.6115344798246
673.578988143047
594.653152206285
305.201993000322
478.318277503512
622.981377236071
878.834060336852
830.19262870317
104.019010953614
756.294484602425
491.406922457464
283.022830860234
286.659609659882
288.447401620656
433.290483166133
523.428543248879
799.472075327985
919.010708536492
839.338803589036
989.210950671328
360.266681928312
735.046648297015
551.645480818881
598.409112355862
141.970778415897
887.74522155884
542.710544794197
980.215311972525
405.135442691453
766.304064433232
741.415933585454
413.955521962585
372.545678342015
407.333497147697
483.254322075869
741.655798042964
922.589100395604
1.15386396700231
900.06758500825
895.520927335844
484.265705330421
477.751977964189
811.75258420955
696.156889990045
889.068296127519
281.89539363696
882.940859944998
967.127146649699
993.781031106497
728.709119711402
993.772427082887
237.062978668633
452.886949038546
538.949791127327
794.686343425273
280.56488618281
121.933507324165
996.244039850423
163.231214584425
590.573055944672
80.2708324418733
898.618748364327
425.057186011717
337.714946520382
14.8785510169708
77.4514004948788
910.477152518219
879.326112512185
805.193079544787
691.634685123169
600.839442853275
798.318211360983
18.9431235282417
943.817876253192
504.945245340907
882.514703964123
923.294064087464
855.488590828836
709.340816228344
860.075384778937
4.8043616138419
575.583398144498
986.434280866028
676.426322980051
772.531637350345
504.35295491682
961.068572924039
833.595887214689
612.647153722424
202.689435893059
619.722290718799
926.345060545181
837.922649382578
309.494529063578
815.250094893971
585.646956966094
52.6947919524716
474.037637689168
681.278338973074
811.61689563264
371.418241118741
3.61474743281247
161.934067104912
302.146345983328
127.869676858126
195.454215721904
218.119855140392
509.069072785354
34.0045457864201
912.17163946115
357.270822095345
266.444916495329
286.90322362208
303.155829805488
585.76869433083
504.687434297375
912.184467498299
748.630863031666
565.183309170037
510.52559610015
116.38282757084
76.8812653035304
266.678958789762
602.503643651727
71.9123944043705
674.494382308095
960.395561978405
709.448594464664
128.567781359222
919.298288374812
829.819912011651
449.256426398296
174.210251855762
897.723920595704
488.657143660196
1.18961418102943
413.649331039586
684.2879348827
548.556646121925
577.07742162844
286.233099776429
451.999500138685
799.591341428268
700.475514261273
845.418613797714
353.277374223469
639.441836923101
534.76681957709
723.725834732748
310.562660596595
673.462489467795
304.063928920805
908.854328519131
170.752742872924
695.2340680618
294.536975815211
736.935788643051
559.430423453185
230.233951578957
453.375294550031
235.058653743499
508.671260675728
380.501291426132
114.706257411608
82.3517274494989
908.014395697049
92.2346646395673
389.179303026376
814.498686145292
584.579080149801
91.0381032577893
227.896532615599
200.074216909741
988.105887541597
224.292496323722
664.383327432155
277.289923875262
566.203444528488
757.085029854013
718.635020180901
35.052545384994
425.628742401315
985.722759731916
818.005120762626
245.835798907017
525.755983090846
540.402097879165
3.4575089828379
202.489852533904
194.120167844985
264.253825537979
854.218907586401
454.053983303743
95.1813515718939
342.018767884941
777.561839100701
71.4982087125528
684.885084016661
618.123786811774
937.404218100665
261.042709583902
250.262533896725
720.268133431798
139.146754582947
219.524557338806
445.565956852197
103.989712011064
920.748440977535
946.460246549202
30.8507406296445
17.2470519399489
170.732344114563
802.345393599172
511.598931398056
418.322749165037
809.429911342184
522.948500943812
562.496170663506
868.87045850459
556.595744358653
367.612297817884
88.7771556567294
186.689450492472
620.378518300307
320.325254611822
236.819195671389
773.842549311855
104.892865337847
646.087119656656
446.730657223021
592.885118719602
592.404839858601